01 02 06 33
01 02 11 33
01 02 27 33
01 05 24 29
01 06 09 15
01 06 09 27
01 06 27 33
01 06 28 33
01 07 09 12
01 09 15 24
01 09 15 30
01 10 14 23
01 23 29 33
01 24 29 33
02 05 25 29
02 11 18 33
02 11 25 33
02 12 13 21
02 19 28 33
02 22 25 33
02 25 30 33
03 04 10 23
03 06 12 28
03 12 15 18
04 06 09 27
04 07 22 33
04 11 15 16
04 11 15 18
04 11 24 33
04 14 20 24
04 15 16 19
04 24 25 33
05 07 12 28
05 07 12 33
05 07 19 33
05 07 25 33
05 11 25 33
05 12 17 24
05 12 24 33
05 13 22 28
05 17 24 30
05 25 29 33
05 25 30 33
06 07 09 22
06 09 10 29
06 09 15 27
06 09 19 30
06 09 23 32
06 09 29 30
06 12 23 28
06 12 28 33
06 15 24 32
06 23 29 30
07 08 09 15
07 09 12 16
07 09 24 31
07 12 13 15
07 12 16 33
07 12 26 33
07 12 28 33
07 13 15 18
07 15 24 31
07 16 29 31
07 23 24 31
08 10 12 15
08 10 15 22
09 16 19 30
09 17 24 30
09 24 29 31
09 29 30 31
10 12 15 18
10 12 15 23
10 14 15 22
10 14 15 23
10 17 19 28
10 17 24 28
11 24 25 33
12 23 28 33
12 24 26 33
13 22 28 33
13 23 26 27
13 24 28 29
14 17 20 24
14 17 25 33
15 24 31 32
16 24 27 31
17 20 24 31
17 25 27 33
23 24 28 33
24 25 29 33
24 25 30 33
24 26 29 33
24 28 29 31
24 28 29 32
