02 09 10 18 28 30:0-3
13 14 21 22 24 28:0-3
04 05 07 13 18 29:0-3
01 10 14 17 31 32:0-3
04 09 11 14 19 26:0-3
05 06 16 19 28 32:0-3
05 08 15 25 31 32:0-3
06 13 18 20 24 26:0-3
06 09 13 16 20 21:0-3
04 20 22 26 30 32:0-3
14 17 18 19 22 27:0-3
03 04 05 20 22 26:0-3
06 14 15 25 26 32:0-3
06 07 14 27 28 29:0-3
12 13 27 29 30 33:0-3
03 12 17 23 27 33:0-3
03 10 13 20 21 22:0-3
05 07 12 13 15 19:0-3
01 03 05 08 23 24:0-3
01 09 11 14 22 32:0-3
01 17 23 27 28 31:0-3
06 16 22 30 31 32:0-3
03 04 08 22 25 32:0-3
02 04 09 12 25 33:0-3
04 06 09 16 24 25:0-3
07 08 16 17 24 30:0-3
01 07 08 13 32 33:0-3
07 13 21 27 28 33:0-3
04 07 12 24 29 33:0-3
03 19 24 26 29 31:0-3
01 05 12 22 32 33:0-3
01 10 11 13 21 31:0-3
07 11 14 18 28 32:0-3
01 10 18 20 25 27:0-3
01 16 26 29 30 33:0-3
08 09 14 16 24 32:0-3
03 05 09 10 15 24:0-3
05 10 11 14 15 21:0-3
13 16 21 25 26 31:0-3
04 07 09 10 16 23:0-3
05 06 13 16 30 33:0-3
02 10 16 21 26 28:0-3
06 09 17 25 30 33:0-3
10 14 21 23 30 31:0-3
07 08 10 12 26 33:0-3
06 08 09 19 21 29:0-3
08 11 17 23 24 25:0-3
03 09 15 17 23 30:0-3
02 03 17 18 22 31:0-3
04 10 13 20 28 32:0-3
06 13 17 18 24 26:0-3
03 10 15 22 26 31:0-3
05 08 09 12 19 28:0-3
09 19 25 28 32 33:0-3
08 11 14 17 20 22:0-3
04 09 20 23 24 33:0-3
01 04 15 19 28 33:0-3
08 22 23 24 27 31:0-3
06 09 11 12 30 33:0-3
16 19 21 23 24 28:0-3
02 03 07 09 19 26:0-3
13 15 16 21 23 27:0-3
05 07 08 09 22 29:0-3
02 03 06 14 20 32:0-3
05 06 18 22 27 33:0-3
04 16 23 24 26 28:0-3
15 17 24 26 30 31:0-3
01 08 14 23 28 31:0-3
07 08 17 24 30 31:0-3
02 07 22 24 28 33:0-3
07 14 15 19 24 26:0-3
04 07 08 17 24 25:0-3
04 06 07 09 22 29:0-3
14 15 23 29 30 33:0-3
02 03 08 22 29 30:0-3
02 03 06 08 10 32:0-3
07 15 20 26 30 32:0-3
10 14 15 16 22 29:0-3
02 04 05 07 09 30:0-3
01 06 15 17 21 26:0-3
03 04 16 23 27 30:0-3
02 04 05 09 12 13:0-3
03 12 17 18 24 26:0-3
08 15 19 28 32 33:0-3
06 10 13 20 23 24:0-3
06 09 25 27 28 29:0-3
07 09 13 19 24 28:0-3
09 12 15 18 24 32:0-3
12 17 19 22 27 30:0-3
01 04 06 08 09 26:0-3
12 17 20 24 29 30:0-3
05 16 23 29 30 32:0-3
07 13 19 20 21 25:0-3
02 06 15 20 21 31:0-3
01 03 11 30 31 32:0-3
03 10 13 26 28 32:0-3
04 18 21 26 28 30:0-3
05 08 23 28 31 32:0-3
08 09 11 12 13 25:0-3
03 12 13 19 23 30:0-3
06 12 15 21 28 29:0-3
13 16 17 27 29 33:0-3
06 09 14 16 24 30:0-3
08 13 14 16 20 25:0-3
09 14 15 19 24 28:0-3
03 07 17 18 29 31:0-3
08 18 20 21 28 32:0-3
02 09 11 23 24 25:0-3
01 05 10 11 12 17:0-3
02 04 11 15 21 22:0-3
18 22 25 27 30 32:0-3
10 15 20 21 26 31:0-3
12 18 19 21 22 32:0-3
06 07 20 21 26 28:0-3
05 07 16 18 24 29:0-3
01 02 10 15 16 29:0-3
02 04 05 07 12 31:0-3
01 04 13 15 18 33:0-3
04 15 22 23 27 28:0-3
01 03 16 24 32 33:0-3
05 06 08 22 24 32:0-3
03 12 16 18 21 25:0-3
01 16 17 20 25 32:0-3
01 06 13 18 23 27:0-3
01 02 07 10 15 21:0-3
08 10 12 18 21 23:0-3
08 09 15 18 26 29:0-3
04 13 17 21 22 30:0-3
02 06 17 18 20 33:0-3
08 16 17 19 22 33:0-3
10 12 23 29 31 33:0-3
12 18 19 23 27 29:0-3
03 04 26 29 30 31:0-3
12 14 16 17 19 23:0-3
02 03 10 12 28 29:0-3
05 10 19 26 31 32:0-3
02 07 19 22 23 30:0-3
09 13 15 19 25 29:0-3
03 08 14 18 29 31:0-3
11 12 16 17 23 30:0-3
18 19 20 22 30 32:0-3
02 09 11 17 18 21:0-3
03 04 06 10 24 25:0-3
07 12 14 24 30 33:0-3
01 14 15 22 24 30:0-3
05 09 11 29 31 32:0-3
04 05 13 19 23 27:0-3
03 08 17 19 23 32:0-3
01 07 12 20 28 31:0-3
07 11 14 17 26 32:0-3
03 06 07 09 10 13:0-3
15 22 26 29 31 32:0-3
01 12 15 28 29 30:0-3
01 03 06 10 11 31:0-3
06 12 14 18 27 30:0-3
10 12 13 19 24 27:0-3
01 05 16 29 31 32:0-3
04 05 11 12 14 20:0-3
02 04 05 08 14 33:0-3
04 09 13 15 19 32:0-3
01 18 24 28 29 31:0-3
04 07 12 14 27 30:0-3
02 04 09 13 20 23:0-3
06 09 16 20 29 32:0-3
01 02 07 26 27 28:0-3
05 08 11 27 28 33:0-3
03 05 13 25 31 32:0-3
08 09 19 21 25 32:0-3
09 11 13 21 28 31:0-3
13 18 20 21 25 33:0-3
09 10 22 24 28 31:0-3
02 10 13 27 28 30:0-3
02 03 06 09 20 30:0-3
02 07 17 18 21 26:0-3
02 13 14 16 21 29:0-3
05 11 13 16 19 20:0-3
01 08 16 18 21 27:0-3
04 05 11 23 28 29:0-3
02 04 10 16 26 28:0-3
08 09 11 14 28 32:0-3
02 05 06 11 19 33:0-3
04 06 13 19 20 30:0-3
04 07 11 12 24 30:0-3
07 09 12 13 15 27:0-3
11 13 14 19 25 33:0-3
13 17 20 21 30 33:0-3
01 06 07 30 32 33:0-3
04 16 19 25 29 32:0-3
02 03 05 09 22 33:0-3
04 17 24 29 32 33:0-3
01 02 03 04 06 09:0-3
04 16 20 21 25 28:0-3
01 06 12 21 24 32:0-3
09 20 21 27 28 32:0-3
08 13 22 23 24 30:0-3
02 08 09 13 22 23:0-3
01 03 07 21 24 25:0-3
08 09 14 20 24 32:0-3
05 12 13 17 22 24:0-3
01 05 10 11 26 30:0-3
05 08 13 15 19 28:0-3
07 12 14 24 27 31:0-3
02 11 17 21 26 33:0-3
18 22 25 30 31 32:0-3
03 08 12 28 29 31:0-3
05 13 14 16 19 22:0-3
04 16 21 29 30 32:0-3
02 10 11 19 26 30:0-3
02 12 18 26 29 30:0-3
03 06 10 13 22 29:0-3
07 10 16 20 29 32:0-3
05 06 12 17 28 33:0-3
04 08 13 16 22 27:0-3
16 18 21 24 31 33:0-3
02 05 18 20 27 29:0-3
01 02 11 20 26 31:0-3
04 07 13 16 24 31:0-3
07 10 15 18 22 23:0-3
06 08 15 19 21 32:0-3
05 07 08 24 31 33:0-3
01 03 06 07 20 21:0-3
08 16 18 19 20 21:0-3
03 08 17 18 25 29:0-3
08 17 21 27 29 32:0-3
01 12 16 19 21 24:0-3
01 14 19 22 27 29:0-3
06 09 11 25 26 29:0-3
06 07 10 13 21 27:0-3
10 12 14 20 26 29:0-3
10 14 19 20 27 33:0-3
03 08 20 22 27 33:0-3
06 09 17 23 25 29:0-3
02 08 09 10 11 18:0-3
16 21 23 25 26 31:0-3
01 03 06 12 29 30:0-3
03 07 08 10 28 29:0-3
06 15 21 28 29 32:0-3
01 09 11 14 23 30:0-3
05 08 23 25 30 31:0-3
01 16 21 22 27 30:0-3
02 04 05 24 25 32:0-3
01 02 16 19 23 27:0-3
02 09 14 18 22 23:0-3
01 07 10 17 21 22:0-3
05 15 19 22 27 32:0-3
01 12 16 18 23 32:0-3
08 16 17 19 21 26:0-3
07 20 24 27 32 33:0-3
05 09 11 16 18 21:0-3
02 05 07 10 25 26:0-3
03 13 22 23 30 32:0-3
05 07 12 17 21 27:0-3
01 09 19 20 23 30:0-3
06 07 13 14 17 24:0-3
02 08 09 11 16 31:0-3
01 10 12 15 28 32:0-3
01 03 06 08 25 32:0-3
05 13 24 28 29 30:0-3
02 07 08 19 23 25:0-3
02 03 11 21 32 33:0-3
01 21 22 24 25 29:0-3
04 08 17 20 24 27:0-3
02 03 08 13 17 30:0-3
04 18 26 28 31 33:0-3
09 10 12 16 17 24:0-3
01 06 07 22 24 30:0-3
11 19 22 23 24 25:0-3
06 12 14 22 31 33:0-3
02 07 12 25 29 31:0-3
02 07 14 19 20 31:0-3
07 11 20 26 30 33:0-3
07 12 14 26 31 32:0-3
02 03 08 10 11 20:0-3
06 08 17 19 22 33:0-3
05 06 12 19 20 25:0-3
03 07 11 17 25 28:0-3
03 14 15 23 25 26:0-3
10 15 19 21 25 33:0-3
04 26 27 29 30 31:0-3
03 06 18 21 28 31:0-3
06 07 11 17 18 25:0-3
04 14 18 23 25 31:0-3
05 10 12 14 18 29:0-3
09 11 17 25 26 31:0-3
02 11 19 23 26 29:0-3
09 10 11 17 22 25:0-3
01 07 11 12 20 30:0-3
06 09 14 27 30 33:0-3
08 18 19 23 26 28:0-3
01 04 10 21 28 33:0-3
05 13 18 22 24 31:0-3
05 06 11 13 24 32:0-3
12 23 27 29 30 33:0-3
07 12 26 27 30 31:0-3
02 05 07 09 23 25:0-3
05 06 07 13 21 31:0-3
05 11 15 17 18 30:0-3
11 13 22 26 27 30:0-3
09 11 17 25 26 33:0-3
08 12 13 14 26 30:0-3
12 13 16 18 19 29:0-3
12 17 25 26 31 33:0-3
01 06 08 10 19 29:0-3
10 19 25 26 30 32:0-3
02 11 24 26 32 33:0-3
15 17 27 28 32 33:0-3
01 02 06 14 15 19:0-3
01 12 15 18 20 25:0-3
05 08 16 21 24 33:0-3
02 11 17 22 28 30:0-3
01 02 07 12 17 18:0-3
01 03 07 21 27 30:0-3
05 06 09 12 17 33:0-3
11 15 23 24 26 30:0-3
10 15 23 28 30 32:0-3
20 23 26 30 32 33:0-3
03 09 14 18 23 28:0-3
02 10 11 23 26 29:0-3
03 07 13 15 16 21:0-3
06 09 10 23 32 33:0-3
05 13 14 15 28 29:0-3
03 19 22 24 25 32:0-3
01 14 22 26 27 32:0-3
02 10 16 28 29 32:0-3
06 10 12 24 25 32:0-3
04 09 15 17 19 25:0-3
03 10 11 17 21 31:0-3
01 04 05 21 24 30:0-3
05 13 17 25 28 31:0-3
02 03 09 15 16 28:0-3
02 05 08 22 23 28:0-3
18 24 26 28 32 33:0-3
01 12 19 22 24 29:0-3
13 16 18 23 29 30:0-3
06 10 11 14 15 17:0-3
01 05 13 17 18 32:0-3
02 07 12 14 25 31:0-3
03 19 23 29 31 33:0-3
03 07 09 28 30 33:0-3
09 10 20 22 29 32:0-3
09 12 18 22 23 30:0-3
12 20 27 28 29 30:0-3
02 06 16 19 20 32:0-3
06 08 17 18 23 27:0-3
02 09 16 25 26 31:0-3
21 23 26 27 31 32:0-3
08 15 23 28 31 32:0-3
03 07 20 21 22 29:0-3
08 14 17 21 28 33:0-3
03 05 09 13 21 22:0-3
08 10 12 14 20 27:0-3
01 10 19 24 25 29:0-3
02 03 19 20 31 32:0-3
04 12 14 18 19 22:0-3
07 10 16 18 22 32:0-3
01 08 10 15 19 30:0-3
06 09 16 24 30 33:0-3
11 15 26 28 31 32:0-3
04 05 08 11 29 30:0-3
02 03 08 14 23 32:0-3
01 12 14 23 27 31:0-3
12 14 20 22 26 33:0-3
10 11 18 19 26 31:0-3
01 05 06 07 19 21:0-3
04 08 09 13 17 22:0-3
04 05 16 20 22 32:0-3
01 15 23 26 28 31:0-3
01 10 14 25 29 31:0-3
04 05 06 10 23 31:0-3
06 08 11 31 32 33:0-3
07 10 12 14 27 29:0-3
01 03 17 18 20 22:0-3
01 03 06 09 10 12:0-3
01 03 07 26 28 33:0-3
02 03 18 28 30 33:0-3
04 12 18 22 32 33:0-3
03 13 19 25 28 33:0-3
02 04 10 21 25 28:0-3
15 17 19 20 24 29:0-3
09 15 24 30 32 33:0-3
02 04 06 09 23 33:0-3
05 09 15 16 24 30:0-3
03 05 06 14 22 31:0-3
01 04 05 14 17 23:0-3
01 08 14 16 20 33:0-3
10 11 18 21 24 27:0-3
07 09 11 22 26 30:0-3
06 07 11 17 30 31:0-3
04 09 13 16 21 29:0-3
14 16 25 28 29 32:0-3
01 07 09 15 29 32:0-3
03 12 15 23 27 31:0-3
01 03 05 06 09 26:0-3
04 16 21 23 24 26:0-3
02 10 14 20 21 28:0-3
06 07 09 11 21 33:0-3
09 11 12 17 21 30:0-3
09 12 15 27 28 32:0-3
03 13 24 26 32 33:0-3
04 16 21 25 27 33:0-3
01 05 09 14 16 23:0-3
05 11 15 18 30 33:0-3
03 06 23 27 30 31:0-3
06 17 21 25 27 29:0-3
14 15 19 25 27 29:0-3
04 06 09 16 22 31:0-3
01 03 06 10 14 32:0-3
01 16 21 29 30 31:0-3
01 03 04 06 28 33:0-3
06 10 13 14 28 29:0-3
01 06 14 26 27 28:0-3
09 12 16 19 27 29:0-3
09 13 16 19 27 29:0-3
02 12 19 22 27 32:0-3
02 07 08 10 25 29:0-3
02 04 15 16 22 31:0-3
06 19 20 24 25 30:0-3
01 04 08 13 19 28:0-3
04 05 07 14 16 32:0-3
03 06 15 20 22 32:0-3
05 07 13 20 23 25:0-3
14 15 17 18 25 33:0-3
03 04 05 30 32 33:0-3
06 09 10 16 29 32:0-3
01 04 05 14 19 31:0-3
09 13 21 26 31 32:0-3
02 07 16 20 23 24:0-3
02 07 08 13 30 31:0-3
09 15 16 23 24 26:0-3
08 12 13 19 24 25:0-3
09 17 18 19 20 29:0-3
02 07 09 13 30 32:0-3
06 07 16 19 25 32:0-3
01 06 13 15 18 28:0-3
02 04 08 13 16 24:0-3
08 10 15 23 30 32:0-3
09 10 19 24 27 32:0-3
05 06 13 15 27 31:0-3
20 21 22 24 29 33:0-3
01 11 12 18 27 33:0-3
04 10 18 25 32 33:0-3
06 09 12 18 26 29:0-3
02 14 15 19 26 31:0-3
03 10 14 16 19 20:0-3
02 04 09 17 25 32:0-3
04 05 08 12 22 23:0-3
06 11 13 25 27 30:0-3
03 06 07 08 11 15:0-3
08 11 20 23 25 30:0-3
03 04 18 24 25 29:0-3
04 05 10 16 18 25:0-3
02 04 08 12 17 32:0-3
01 05 18 27 30 33:0-3
16 18 23 26 29 33:0-3
05 10 17 18 20 21:0-3
01 03 09 16 17 30:0-3
02 16 17 18 22 27:0-3
06 16 22 25 31 33:0-3
05 11 15 16 20 31:0-3
04 05 19 24 27 32:0-3
01 03 20 24 31 33:0-3
01 07 17 20 21 22:0-3
04 05 07 09 24 31:0-3
08 14 16 23 24 27:0-3
04 08 09 14 17 19:0-3
03 04 05 08 23 29:0-3
01 09 24 25 28 33:0-3
08 10 17 24 30 31:0-3
05 10 16 26 27 32:0-3
04 07 18 28 32 33:0-3
01 05 07 14 22 33:0-3
06 10 11 18 21 31:0-3
04 07 15 20 25 30:0-3
01 06 09 23 26 32:0-3
12 18 20 22 28 32:0-3
01 06 09 13 23 26:0-3
04 08 09 10 23 32:0-3
13 14 18 21 22 23:0-3
05 11 19 23 24 28:0-3
06 12 19 23 27 31:0-3
02 03 18 26 31 33:0-3
03 07 19 26 29 33:0-3
01 10 11 24 25 31:0-3
12 14 16 20 21 24:0-3
03 04 08 17 22 30:0-3
07 10 12 15 23 29:0-3
04 11 16 26 31 32:0-3
14 15 17 24 27 29:0-3
01 10 11 18 22 23:0-3
02 04 11 14 17 30:0-3
08 09 17 26 28 29:0-3
03 07 08 16 18 22:0-3
03 06 14 18 19 32:0-3
03 14 15 21 26 29:0-3
03 06 09 13 22 28:0-3
01 09 10 29 31 33:0-3
05 10 15 16 24 27:0-3
04 08 14 16 20 25:0-3
01 03 18 19 25 26:0-3
11 15 18 22 29 33:0-3
01 03 16 17 26 28:0-3
01 03 04 06 21 28:0-3
01 02 04 09 10 17:0-3
08 15 22 26 32 33:0-3
01 02 18 25 29 31:0-3
09 10 13 18 24 27:0-3
05 10 21 23 27 28:0-3
02 13 15 19 20 31:0-3
01 08 11 19 23 33:0-3
12 13 14 19 23 27:0-3
02 06 08 13 29 33:0-3
06 08 17 20 25 30:0-3
04 06 07 12 17 23:0-3
05 07 11 17 24 31:0-3
05 07 10 16 27 33:0-3
05 15 16 26 27 30:0-3
10 15 22 24 28 30:0-3
05 14 15 24 25 31:0-3
15 20 21 22 28 33:0-3
02 11 13 18 27 32:0-3
06 08 09 12 16 17:0-3
02 09 15 17 29 31:0-3
01 06 13 14 30 31:0-3
07 09 13 17 19 20:0-3
01 18 20 22 27 28:0-3
02 03 18 21 27 33:0-3
06 08 12 14 25 29:0-3
01 04 07 17 21 27:0-3
07 08 12 14 18 29:0-3
06 10 11 12 13 19:0-3
07 09 15 17 26 30:0-3
01 03 09 17 21 31:0-3
02 08 11 16 21 27:0-3
05 10 11 15 16 25:0-3
03 09 17 18 24 25:0-3
09 15 20 25 29 31:0-3
03 06 13 22 26 29:0-3
05 12 20 24 25 26:0-3
07 08 14 18 19 24:0-3
01 04 10 21 25 33:0-3
16 19 21 26 28 29:0-3
06 09 27 30 32 33:0-3
07 10 16 18 30 31:0-3
04 15 18 19 20 22:0-3
02 03 17 18 25 28:0-3
01 06 09 16 19 29:0-3
06 11 15 20 30 32:0-3
04 08 10 11 16 24:0-3
01 05 13 14 22 23:0-3
02 11 13 14 21 29:0-3
05 06 12 16 17 28:0-3
03 09 10 20 28 29:0-3
13 16 17 18 25 33:0-3
07 08 09 13 20 26:0-3
01 12 14 19 21 32:0-3
01 10 15 18 24 31:0-3
05 12 15 19 29 30:0-3
03 10 17 27 30 32:0-3
06 07 14 15 17 25:0-3
16 17 18 21 26 30:0-3
04 06 12 14 21 27:0-3
02 08 15 22 23 28:0-3
05 18 21 25 27 33:0-3
01 03 06 15 16 27:0-3
06 12 13 20 26 30:0-3
05 12 15 22 25 33:0-3
04 10 15 24 26 29:0-3
03 14 16 21 32 33:0-3
04 14 22 24 25 32:0-3
07 09 11 17 19 24:0-3
02 05 14 18 27 31:0-3
11 15 18 24 27 33:0-3
03 14 15 26 31 32:0-3
01 03 11 26 29 32:0-3
01 02 06 13 20 28:0-3
15 16 17 24 25 33:0-3
10 15 23 24 27 31:0-3
08 11 15 17 18 27:0-3
01 02 08 21 23 29:0-3
15 18 20 21 22 23:0-3
05 08 12 15 30 31:0-3
02 04 10 13 15 21:0-3
05 06 08 13 26 30:0-3
02 05 08 09 17 22:0-3
09 19 20 25 26 30:0-3
01 02 09 22 27 28:0-3
01 04 10 18 23 24:0-3
02 04 17 26 29 32:0-3
05 09 13 23 27 29:0-3
09 16 23 28 31 33:0-3
03 04 05 09 13 17:0-3
02 19 24 26 31 33:0-3
06 07 09 10 20 26:0-3
06 08 13 15 17 24:0-3
03 09 16 18 21 22:0-3
02 12 15 16 23 28:0-3
05 06 08 17 32 33:0-3
04 13 14 19 23 32:0-3
01 03 06 09 18 33:0-3
04 06 12 20 22 30:0-3
04 13 16 23 28 32:0-3
01 02 05 09 17 32:0-3
02 04 05 16 20 31:0-3
05 06 16 17 21 24:0-3
02 05 09 19 24 32:0-3
05 09 25 27 32 33:0-3
07 09 18 19 26 33:0-3
03 04 10 15 26 32:0-3
01 02 06 11 18 21:0-3
02 09 11 28 29 31:0-3
01 16 17 20 25 28:0-3
03 13 15 23 25 29:0-3
01 07 09 14 19 33:0-3
01 06 09 26 27 30:0-3
03 05 11 15 21 29:0-3
07 11 21 22 27 32:0-3
01 06 12 20 26 30:0-3
01 11 18 27 28 29:0-3
03 16 23 27 28 30:0-3
05 07 16 22 27 29:0-3
06 12 18 25 26 33:0-3
04 06 13 23 24 32:0-3
01 14 15 19 27 30:0-3
03 04 16 21 27 30:0-3
08 13 15 19 25 28:0-3
05 06 12 17 27 32:0-3
01 06 12 14 22 24:0-3
01 06 09 19 27 28:0-3
01 14 16 20 24 33:0-3
05 09 13 14 22 26:0-3
06 09 14 21 24 32:0-3
03 09 11 13 15 21:0-3
11 12 19 20 24 29:0-3
08 14 24 25 30 32:0-3
01 07 10 17 25 26:0-3
12 13 17 18 24 30:0-3
20 25 28 31 32 33:0-3
02 05 06 21 27 29:0-3
07 10 12 16 19 32:0-3
06 08 20 24 26 30:0-3
02 11 21 22 29 32:0-3
02 05 10 11 21 27:0-3
02 16 18 20 25 30:0-3
06 10 17 18 27 28:0-3
03 04 07 17 24 30:0-3
01 10 11 12 28 33:0-3
10 15 19 22 28 30:0-3
02 11 14 26 31 33:0-3
04 06 08 13 28 31:0-3
04 05 18 27 32 33:0-3
01 13 16 21 32 33:0-3
05 11 12 21 29 33:0-3
06 11 14 17 28 31:0-3
01 06 12 14 26 31:0-3
01 03 05 11 15 20:0-3
04 12 21 24 30 32:0-3
04 10 23 25 28 33:0-3
08 11 15 17 21 30:0-3
07 09 15 22 23 32:0-3
07 08 17 25 26 29:0-3
05 07 08 12 21 28:0-3
09 10 11 20 21 23:0-3
07 15 23 26 28 30:0-3
19 20 23 28 30 32:0-3
02 06 13 19 21 23:0-3
03 05 18 20 29 31:0-3
10 16 17 18 31 33:0-3
01 08 12 16 20 30:0-3
06 08 20 28 31 33:0-3
03 18 27 28 31 33:0-3
10 14 15 18 23 26:0-3
10 18 21 26 30 33:0-3
05 11 18 24 26 31:0-3
02 09 11 19 27 32:0-3
05 06 20 22 26 32:0-3
05 13 14 22 25 29:0-3
03 04 06 12 20 25:0-3
06 07 09 11 15 24:0-3
04 05 13 17 19 26:0-3
04 05 08 13 18 19:0-3
03 07 14 24 25 26:0-3
16 19 24 25 28 31:0-3
02 07 10 17 21 33:0-3
05 07 14 18 22 25:0-3
02 09 10 17 19 28:0-3
01 04 16 20 22 32:0-3
01 06 14 15 25 29:0-3
03 04 06 16 26 33:0-3
13 14 16 17 24 28:0-3
02 16 17 29 31 33:0-3
11 12 14 23 26 32:0-3
02 10 12 27 28 29:0-3
13 17 22 26 28 33:0-3
03 18 19 24 27 33:0-3
10 15 19 22 25 32:0-3
01 04 08 12 22 33:0-3
16 19 20 23 26 27:0-3
05 09 10 16 20 26:0-3
06 07 20 21 26 31:0-3
08 11 13 19 22 26:0-3
09 13 22 26 28 31:0-3
12 13 18 20 23 29:0-3
05 07 08 09 19 29:0-3
01 06 08 14 18 28:0-3
05 06 08 13 23 26:0-3
10 15 17 20 21 26:0-3
07 11 12 14 18 20:0-3
01 04 06 26 29 32:0-3
01 02 03 16 18 23:0-3
05 09 11 19 26 33:0-3
04 08 18 25 30 31:0-3
07 18 19 20 23 29:0-3
14 15 17 25 26 32:0-3
01 02 09 17 27 28:0-3
12 14 16 21 23 30:0-3
03 05 10 14 19 21:0-3
07 09 18 23 25 27:0-3
02 05 10 13 15 27:0-3
02 04 08 17 29 30:0-3
04 09 14 17 28 31:0-3
02 06 13 18 25 33:0-3
01 10 12 15 20 23:0-3
03 05 12 13 17 28:0-3
03 04 07 10 13 32:0-3
01 08 09 20 31 32:0-3
02 05 08 19 23 24:0-3
01 04 15 23 27 28:0-3
01 06 18 19 30 32:0-3
03 12 25 26 30 33:0-3
02 13 15 25 28 29:0-3
01 04 10 11 30 33:0-3
13 21 26 31 32 33:0-3
04 11 12 19 21 29:0-3
02 06 08 13 29 32:0-3
07 14 15 26 28 29:0-3
08 10 21 26 27 33:0-3
05 15 23 25 30 31:0-3
04 14 18 20 23 27:0-3
07 13 14 18 21 22:0-3
13 15 18 21 25 31:0-3
02 06 09 12 13 33:0-3
07 10 12 14 21 30:0-3
09 18 23 28 30 33:0-3
12 20 22 27 28 32:0-3
04 09 16 19 26 32:0-3
03 04 07 08 27 28:0-3
07 11 18 20 23 28:0-3
01 02 11 21 24 28:0-3
01 03 05 06 20 29:0-3
06 11 18 23 25 32:0-3
01 04 22 25 29 33:0-3
01 02 04 27 32 33:0-3
16 17 20 24 25 32:0-3
06 10 13 23 28 32:0-3
18 23 27 28 32 33:0-3
03 12 14 15 25 27:0-3
02 03 04 07 11 17:0-3
04 09 13 19 22 32:0-3
04 05 06 14 26 33:0-3
03 12 16 23 29 32:0-3
04 19 23 25 29 31:0-3
04 06 14 20 23 31:0-3
03 06 08 09 19 25:0-3
03 16 17 20 22 27:0-3
04 06 11 19 23 26:0-3
06 07 09 18 23 30:0-3
01 02 10 19 25 30:0-3
06 07 19 21 29 32:0-3
04 07 12 17 22 23:0-3
07 11 17 20 22 26:0-3
07 10 11 14 21 23:0-3
06 11 14 16 17 32:0-3
03 09 15 22 26 29:0-3
08 09 12 15 18 33:0-3
03 07 14 17 20 30:0-3
07 08 13 14 16 32:0-3
01 04 11 15 26 27:0-3
03 08 13 19 25 33:0-3
02 03 10 12 15 26:0-3
07 08 11 24 27 33:0-3
06 16 19 20 27 29:0-3
02 13 25 27 30 32:0-3
05 06 14 17 18 25:0-3
01 03 15 19 20 21:0-3
01 08 10 17 19 30:0-3
07 08 22 23 32 33:0-3
03 09 17 19 23 27:0-3
08 13 19 28 29 33:0-3
03 06 19 29 31 33:0-3
04 10 11 20 22 31:0-3
02 11 14 18 27 30:0-3
20 23 24 26 27 31:0-3
01 09 13 15 17 26:0-3
03 05 06 25 28 29:0-3
02 03 07 12 26 30:0-3
02 04 08 17 21 23:0-3
07 11 17 18 20 32:0-3
02 09 10 23 32 33:0-3
09 11 13 18 19 33:0-3
07 14 23 26 27 28:0-3
